2664

01111110 Dee„ 1111. 11. 078. 711.
1011110 1111111, 111. 1010.
Pul-ple 1011010001, 11. 100.
11011110-111100111101, 1118111. 800 corylus A.
0111011101, 111. 1017.
pyracantha 11814.
Puracanthaos 1110 0100111, 11. 810.
Pyram 1111111111. 11. 880. 801 1111111.

0111111ῐο111 W. 811. 1111111. 11. 1078.
mmm 1111111 1111. nav. 11. 1111.

1111111111,111111.11110.; 111111. see
cmm, 0110110111, commutet, Ametin-

11111, md 01110011.

Q,

011010 1111111011, 11. 1181,

001101 8000101011, 11. 710.

0001011100, 111. 1884. 800 011111111101111.
1111111111 1.,011111. 111. 1718. 1717.

0111000 Τ100, 11019. 800 Cydonis.

Quickwt, 11. 810.

R.

1.·..11118111111111

1113011 Oak. 111. 1849.
18118111111111181 , ,
ῧιέξᾙὲὲὲ 7817ν {5⁹39 11111101 1111111101.
11Ηὲ11ὲὶ11111ιὲ01ιὶιι,11111ἏΒ11111Ιὸθρ 11111111.
11011111011010011 1111111010, 11. 881. '
8131110111111101111. 171101. 800100100101111131-
&QUQHQ Π811104100ὺο11.
Rhmnaoeae 11111, 11111511. .
Rhamma Toum.. 011. 111. 1874.
1111101οω1011.,1111111. 11. 11811Ι 1111116. 801
2111111101, Palmum. OEnfi 111, 0111111010,
1.......11

(1010111101.
1101110101οο zm.. 01. 111. 1177.

0101110110111111. 11. 1111. 1110, 1v.

012ῗῖ311 1.,11, 11.1111.; 111111. see 1111.
1111111111.

111111.,11111. 11.111.; 111111. 11111111-

moes 1., lxxii. 11. 9611 101860.
1101110111 1.,111. 11. 8001 111. 1111. 800 Cara·
gana 1011 1111101001011100
1101110 de Duela. 111. 1041.
00111111. 1731. 800 Quercus.
nack 11010, 111. 1817.
11011001 Dec.. 111111. 11. 670.
11ῗῖ 7011111.,111. 11. 071. 7411, 1v. 18110. 800
1110.
11011 Τ101, 11. 7481 1118188.
11010 &quatre 8111001, 11. 7110. 7110. 806.
11011, 1111011110, 11. 811. 801 1110111110.
m. gerberffilffffiglff. 800 1011111.
none: Βιῗῐᾞιοτ 11001114 1114786.
{0⁰3 gurgungyhuigffio
1101101110, 1. 773.
11010111 111101, 11. 700, 762.
11010, 11001110 1111011, 11. 716.
11011, 8101001011 Chim. 11. 771.
11010, 81101100, 1 ,703Ι
11010, 110111 1110010011, 11. 750. 788.
11011, 1110011111, 11. 770.
11010, Pompono, 11760.
11010, 11010001, 11. 760. 780.
11010, Seven 8111111, 11174.
111110, Το1-10101011, 11. 770. 782.
11011, 1111011, 11. 7110.
11011, 101100801111110, 11. 765.
11010 801011, 11. 017.
110111 1111111111.

1110011 To 1111 000001,

11010 Laura, 11. 1181.

11011 11111101, 111. 1101.

m? 1111441910. 111.

Rome 101,11.770.78Ι,780.

110111, efflamus. 11. mma.
1101111ὲ11110111Ἠ11-7731107,8 Ι181 801. 11101111.
mn, ἷῗιῇῗὶωιιῗυοη, 11. 111.

110101, Mon, 11110110.
110111, 1111111, 11778781.
none· 01 Pastum. 117111.
11011101 Preme, 11781.
ἔξω, ww. 77ῦὲ788.
1011111011111

1110

1101111011,111111. 11. 1613 1111111,

1111111111, 111. 1111717181 wem 811 K&-
11ἑῖ0111.111·.100000
11111101 L„ cxliv. 1111010, 1117.

Ruta 1... 11111. 1. 4811 111111.
Raucae. xxxiv. 1. 484.

8.

1111111111.,11. 11. 110.

8Ἒῖ nauh.. 011111. 1v. 0187. 801 ,1001001111

101.

81011171011111. 1. 184.
fflmsffiffiffis‘st'
8111010010, 011. 111. 1111.
8111100111 8111, 01111111. lv. 0011, m.
811111 1.,111. 111. 1118.
8111011,οο101000 111101, 111. 1888.
8111011, 01111100001011011, 111. 11110.
8111011 Τ11010, 111. 1325.

8111011 L.. 0111. 111. lm.
8111Τ100, 11. 684. 800 1111100ᾱὲ0000.
1111111.,111. 111. 1181.
8101011001 Tomdxxvil. 1110111 101171.
81011 1191110, 11. 1184. See mophy‘llum.
8110101101 1.,111111. 11. 1064. 1108.
81 1011111011, 11111111. 1474.

pindus 110.111.,11111111.1.471.

§ammeca xciv. 11. 11101.
ffiffiyffl Ἦθῶἓιῖη [8100631000.

Summam 11011 Von 1110001111,οι111. lv.

1 81ἓ511ῗ110111,011111. 111. 1111. See 80111111.

81110001, 1. 300. 810 01011111.
8111111111..,111.111. 1801. See. 1111011.
8111111111 7101, 111. 1801.

8111111101, lxxv. 11884.

semeja L„ 01. 111. 1178.

810011, 111. 1861. 800 salix.

ffitssr'yfflffioeffirgff ggffiperus.

8111001010, 11. 741.

8111181111 1111110 ’, 111. 1448. 801 Carya„

¹ {affl ttffilffii.¹1⁸¹⁷'9¹.⁴⁰⁴sbe 11111111 mentm.
8011101 Τ11010, 11. 818.

8111111οᾱ111 mm. 1111. 1. 101.
ι 8001110011010,111.1.081.
. 8111111111,111111.,010.
1 8111110011 Τ1100., 1111111. 11. 801.
81310111111Μ111.,01111.11’. 1480. 800 ’11111-
um.

summanr. 111. 1867.
samua Moench 11111.. 1111. 1. 111.

Scorpion 81001, 11. su. 800 coronula.
scoteh 11101, 111. 1898.
8101011 Fir, 0111111. 1111111.
8101011 1101110001, 11. 180. See 09111111 11111001.
8001011 Ρ1110,011111111. lv. 11118.
l ffissffiffissssfssl 111. 1111. Ι
1 8011111011, 111. 1880. 'See 1111010111 eatam
. §glwfflffiutxffifflffl 800 1811000010.

 

