ant-:x '1⁸0 MISCELLANEOUS SUBJECTS·

1166169161, effect 61 166 6611111666 66, 111. 1961.
116116 de 1661166116 11. 684.
116116661616, 11. 103.

11661111 111161, 111 1980.

l.

1661161611. 9136.
11616111, 11111116616 161 166 16116616,111.1309.
1111611661 16611111 111. ’,,1361

1116116 ιιι 66661611666166111. 13461361
166166161111,111.1313.
166116,11116161661161611.649.
1611 611116, 16611116161161, 11. 601. 630. ¹
1616166611616, 11. 666, 656 686
lnk ζέ16611116111. 1330
616611 good 1²‚orfuod 111. 1810
61661166 16616161161611. 91301-

Amet, 111. 1601. ι
1111661111103
060111. 1816
16111166 1131.
Ρ 61111ιῇ ιιι. 1638. 1664.
11616, 11. 810.

111111611,“1·ι1. 1413.
16ὲ6611ε61616111.11116 166 1111 16 1116 11616 61
1613606110061061161666111161116166111616,111111.
1161161111161111611,1.310,11668.

1.

1111111 1616116,11.663

1661111166, 616611116961161161, 16666116ι1,11..668
,1616661116116111696
111166611661616616611116616111. 9546
11161661661661111616311. 9400

9

1111111 16116, iv 9643.

11616161,111. 1303. 1
0116611116,11.31 ¹
111166 1116661 61· 166 111611,11. 9931.

111166 timber 61166 6116111. 1891.

1116616611 61 8111111· 11. 91111.

L

11663ἇ11616μι 1116161116, 16661666 61· 1161661161,
1
Lab 11616161· 1166661666111· 111, 9011.
boyla 16616, 1111830.
ξ’166111661, 1666116116 called 11. 301.
Lamhlntk ‚pr 1111611 61, 11. 9196 9993
Lan 61, 6161166111 1111116 11116 6111111611 ιι. 9913.

166616116111666161,6 161 11661 11161166
141661, 111, 1683.

6111, 11. 1990.
1166661111366.
111166,1111634.1100.
6661161 1166166611. 9413
1911661661, 111, 1393.
11116111 1383

111161, 1616161161,““ 111. 9096.
1161666116111 9011.
116116666116111,Ι ι. 466.
111,11. 1001.

1616611. 9351, 9313
6111161166, 1133
16661611. 091
Ι61116116189611ιμὶ11619.
06 ιιι
1111661166,11.9033
99 60131 00 000
866166 1661191111.
811161 6119993.
916666166619999.
661666μ 61,·11. 9301.
sweetchestnut,¹ 111. 1337.
1’,611 11 9019.

umam 11116166 366 166 1111· 16 ’111616 61 Con-

1616611116611161166111 9364

1116161 water, 11. 113.

6116666161161,161611116,111 1981.

1616661611661611661.1619
61661, 111. 1083

9669

mega 1111 1611161666 11. 618.
1111611. 1993
141116 6, 1111640
Blacpekpo plu 111 1654.
1616100611, 111. 1161
(361116 1166111. 1901.
Corne} 1166, 11. 1016.
066110116616, ii. 698..
1111116616,1100
1101 99¹
1611616611. 1963
1111161166· 11. 9140.
1116161161 161, 111. 163.
111161,1166 000099.
Μ666161111111· 11. 917- 999.
Μ6166111, 111. ’13461
Mym‚9ffl.
0111, lii. 1199.
1611116116, 11. 1966.
1166666 11ι 11166, 11. 9191.
Plane 1166119001.

1666111106, 11. 910349.
1666119911

101011. 731
11616611111111980.
11661. 486.

5 81 1666116101. 331.

8166111616,1.413,11.9619.
999999·
11111611, 111. 1463
111611. 9066
11611 661111166661, 111. 1391.
111616161, 611661 61, 66166661, 111. 1819.
Limen, 1661111616 sor,¹ 111. 13111.

1118116611, 6661116111 369.,11 681 30 631

1161116 11611111. 9061.
616661166166111161616111691.

locuturam 16 11611111 61,· 11. 619.
193391391 111110.>

1111666611 111611110611161, 11. 9116.
16111161· 66616· 111. 1839
1.16 161 11161611166611 614.

111.

1111166111 of 11111661661. 93.
'math 681010οι111 6910411. 9361.

111661,66611161166161,·ι.410.,1161111946
11661 11111611 9643.

111616616611. 691.

11111166, 11648. 660. substitute 161, 11. 9606.
11661, 16166661,111. 1³69.

11661611 6161 61166 16116661 products 61 166 11166
aud 111· 1116611. 9196.

111166’.16166ἰ 9· . 9
1111116166, ati[germination 61·, 11 11194. 111666 111
propagatum, 11. 9611. On 1116 ouh, 111.

1161611, 111. 1314.

Musque 6166166111, 11666 61,· 11. 9161
01000οΜ0ιὲ010οῊ130660061171 1111616,1. 916.
11161661 ι1,66161611116611.ι611166111111, 111, 1346.

ffloffifgnhmng 166 161161 1611111116661,

11.

116661, 1111116 611166, 111 1496
1161131611 431
9999999 ¹¹ 9
116116116611111010-
6810111111 9313.
§bruce

99¹9}OE
11111 1661116161· 111. 9091

1161 611, 1119094
1161, weevil⁹⁰24 61· 111. 9097.

11111οὣ11661, 61, 111.9313.011111111111111161166,

 

