INDEX ’10 1181180118 1111) mene.

11100110, 2061, 1111010011. 110001108118. 11080011, 188
1110110001, 11. 11110111, 1111000 01 1111111013, 118. 1100111111, 887. ·
1111110101, 181). 111101, ww. 1100101, Mt.. 177,
111111011000,895. Prior 01 11011010, the, 1781 1100101, 1101111.. 8817.
1110011011, 675. 111001000001111100100, 151. 110 011 11011, 1777.
Pluto. 911, 1110000000 at the 1110 01 11110001, Re 0110011010, Μ, 11318
1111010010 57⁰. 118 Reid, 10110. 101.
100010111001. 1000110110. nem, 111.. ῃ,
11000011, 1411. Ρ101111111111. 911- 1101000101, 1101001010
1101101111181, 1110101100οἵ1)110001010’801001,11111 nemun, 18011.
Ρῠ111113. Ι)1., m fflll· 1731 1100011, 110, 81.
1010001100110000080 11101010. 1181. Rennweg. 110
1101101, 1180, Prandente. 8891. nemon, 1001,
11011000,11.,470, 1110101011 111111000101,11115. 11000100 510,
P 01‘· 187 ι puch ωι- stffllmss, 888.

Ι 11000010111111. 11011101011119. nemun. 110,
1111111111. 1., nm. Pu 11, Dr· 0110118071. 8010010100, 01111111ος000, 511.
Ρο110101001,110111001,1187. 1111111111. 59 11010010100880.
11011001, 1101. 1011111111 11111- 110101011, 8185,
110100001,11,1811. Ρ111111Ἰ CM· 72· (111111 3⁸ ⁰1h01' 80000101,0111α1101,010.
100001010ιο 1111111· 11110110. 511-
10000103111150. 111111.111-11011501110111100). 1100010, 0000100000101.
1101100010, 808. PM· Μ· 9¹21· ¹ 1110110, 1111 ge 01, 16110
11000100008181. 100001,1111. 8101011010,178180811.
romei. 188 Rumon 11111, 8111.
11010001, 781. Q· 1110001100, 81.
1000000001. 11010110, Leuis, 1881. 11100101111010
11010001, 1351, nabeo, 118. 888. nich, 1100011, 688.
Ponwnby 11111, 114, 11000 ,1001110101 Indue, 1755. 111011οτ0, 00111110,81196.
Pontem, 751. 0000 Anne. 80. 111011111100010011008110.
1100100158. 0000 Anne 0111011111, w. melma, Mt.. 111.
1100101, 1111Ιί101, 188. 11000 00101100, 11175. 1110111111 11.. 11170.
1100001,1131, 00000 811111οι101 801010088118. 8100010100, 1)1,, 191.
1100Ιο, 1110, 888. 111000 anubem, 81 8100101000 111, 1800.
1100011. , uem Mary. 788. 1110101100,1101001,1111
1133ῗὲ ῗέςξιῗὲ ἒὲἓῖ“’ 2⁷⁴⁸ Qflssoessffiffpsshffi, ⁹2. ffiffflff, 811110 0111.
1100010 1111101111010011010, 1887. 1111000110οά,’1“1111011],1111108075. 1110010000 11111,1888.
1100ῃί10011, 111111. 10000111 11011, 1118. 11101011, 1788.
1101001. Antonio, 1198. 1100000872 11101100001101111 11001000, 1511
1101000135ᾱῇ Ι90111111110010,8181. 111001 11111, 1111.
1011100100, 1810. Qunam, 1913. 1101111118
1101101000, 1818 huby, 111, 1588
1101111011 1101, 11818. R· 111001, 11.,11110111110, Genava, 101.
11011 1111101, 9119. 1100100, 8118 1110080111 101100, 1787.
1100110000911. 1110011110,Μ111,0111101001101,1100 11100001010111 ,
Pon 10011100, 800. 11001100, william. 8110. 11101, M.. 111.
11011111100100, Par! 01, 8181. 11011001, 00101. 622. 1110011. 1,, jun.. Sffi

· Portbridge. 10 1101110111, 810 11001001, 11010081. 1110110 1000110, ma
10100110001011000001. 110011νὶ1, 1111000 8118. 1110110 10 ’10010011 lom.
Ρο1100100101, 711. 1108011000001.110,11,1801. 1110101011110,1180.
1101101, 811 1100011 1101, 8088. 1101001000, 177. 111000, 8078
11011001, 1111110 ,10 mgnum 8011101888. 111110, Μ.. 1911
1100111011οὴ 1110, w. 1110101801, 1888. 1111101, 11 117.
1101110080110110010110. 1100011, 1818. 111101101778,
1101111011, 11010 01, 1601. nuhaa-cmm. 11110001101,1181 1111010 and 8001101110, 710. ,
Pffl'nffld'. Pfll'k· DUkss or, Hffi· naith· 7¹6· nobem Μ· Ga m
Portnnnuth, 1750. luith 1100101815. 11000111, 111.. 1090.
1100000011, Neu 1101111, 1115. Rujum 8111108181. 1100011100, 111.,1188.
1101101000111110011 801101, 575. 1101011111. 811 11111101, 86. 1101110, 188
Portway Home, 1781. 1111100, 1110. 110010, 10011, 818.
Ρο100, 1881. 11010101111101,188. nomast 110188
110010, 8180. 1101101100110101108, 1101110100, 111011, 18.
1101010110, 1111000, 158. 1111000011 forme, 8181. 1101110100, 811 (100100, ml.
110111, 111. John 881. 11100001, m 110111011πῆ, 1811.
1111011111... 11111110... 1111110. ...1.
11011011 eou 1118. assuat. 8157. 11001101ῑο1 1101110110.
1111811111. 1181111811· 1811811111·
1101111, 801101 11111100, 1810 1111111111111111111131- 8001100110 8010101808,
rom.. 1118088198. 0110001100110. 0011111101110010010.
1101101111, (10101001, 818 11100011, 11109. 1101100, 1201101, 108.
Poynter. 111011 , 88 11000001, 785. 80011001111010, 111011010οσ1 11111,
111000111111, 001111, 1811. 11100000001101000 1111.
1111 1181110110, 188. 110νο010000, md. 78. 1100001, 1011,
1111110011. 1101010 11001100, 811 1111101,18. 1101001100, 11, 118.
Pras. 111,,3811 nawen, 0101110, 880. 11000110 01 810111, 1811,
11100000 11011, 118. 110088100010011101010001). 1100000017.
Ρ100100,8“1111011011,11011.,188. 1111111000, 1881 Roget· 0180011100 0, 7111,
11101100ῆο1180. 1101101 nouom, 1760. 11000101110101101, 18
11101001, 1101000110, 188. Bet. Ι1111111.50. 111111. 961-
1111001, 1108. unam , 1158. 11010οΙ,11,,100.,881
111100, Sir 11000110, 800, 1100111οῗ 110010, 1018. 1101100100 11011, ml.
Priene. 1781. 1100010111 1111. 1101111100, 1101111,887.

Primum, Mn.¹ 111, 1100111, 1111. Home, 511.
11111100, 01 Neve 1011, 181 11011001, 800. 110010ογ, 000.

808

 

